17 0.24399260156250002 0.87542886875 0.2798707171875 0.8332736234375 0.3110506234375 0.660095534375 0.3029353578125 0.6173707171875 0.12867017187500002 0.6156619937500001 0.10304283437499999 0.6299034265625 0.041110203125 0.8247284531249999 0.0517881625 0.8839735203125001 0.24399260156250002 0.87542886875
17 0.07431892500000001 0.30373883749999997 0.085424065625 0.3020295953125 0.11489525 0.32196780937499997 0.18366160468749998 0.31399273125 0.1934855921875 0.310574765625 0.2050179125 0.292345275 0.22082126093749999 0.2222767390625 0.2007464953125 0.202338525 0.0982375390625 0.215440809375 0.08328855156250001 0.22438058125000002 0.0478376171875 0.306587228125 0.06235942343749999 0.3248162 0.07431892500000001 0.30373883749999997
17 0.4309645640625 0.3196895125 0.5441514796875 0.332222221875 0.55910085625 0.3282341640625 0.574477025 0.31114434062499996 0.5830194703125 0.2359485984375 0.5693516359374999 0.21771962656250002 0.45573753906250003 0.20632606406249998 0.4372644078125 0.21726168281249997 0.41644236718750005 0.2934849421875 0.41900506249999997 0.3071568015625 0.4309645640625 0.3196895125
17 0.795832165625 0.2627232609375 0.8154797500000001 0.32139823437500004 0.8287204046875001 0.3493120453125 0.8616086453125 0.36697144375 0.933364875 0.3578566984375 0.947459890625 0.3356401875 0.95813785 0.33051297968750004 0.9752227421875 0.356147975 0.9982873828125 0.35045119375 0.9965786609375 0.31854984375 0.9636904203125001 0.2496209765625 0.9236479750000001 0.22722793281250003 0.8244493765625001 0.2365186921875 0.7996764015625 0.2416453796875 0.795832165625 0.2627232609375
8 0.0686596578125 0.49935254375 0.0016016359375 0.4984496359375 0 0.596764796875 0.034489874999999996 0.587650571875 0.0686596578125 0.49935254375
8 0.3254657328125 0.39031048749999997 0.367750778125 0.37492990625 0.358781153125 0.3453073734375 0.3361436921875 0.33847144375 0.3416962609375 0.3042912765625 0.32632009375000004 0.29403738281249997 0.3173504671875 0.3099880578125 0.2717554515625 0.319059190625 0.2494384734375 0.362397196875 0.271648753125 0.39600726875 0.3254657328125 0.39031048749999997
8 0.442496884375 0.5796988578125 0.48179205625000004 0.5853956390625 0.49930373906250003 0.5722933546875 0.5168158093749999 0.5107694703125001 0.47837500000000005 0.4788681203125 0.435662771875 0.45494236718750003 0.4009595015625 0.4941786078125 0.3707406546875 0.53868328125 0.41259852031250005 0.5694449640625 0.442496884375 0.5796988578125
8 0.6456993765625 0.4372829703125 0.6794419781250001 0.4606391484375 0.7281335671875 0.46291796406249996 0.7593134734375 0.4481064375 0.7464996109375 0.411647975 0.7311234421874999 0.3603785046875 0.649757009375 0.3518047765625 0.648262071875 0.3580996890625 0.6397196265625 0.39569730000000003 0.6456993765625 0.4372829703125
61 0.329209890625 0.5085124609375 0.300602803125 0.47528141249999994 0.27891705624999996 0.4758966765625 0.27061175937500004 0.45128141250000003 0.2590767140625 0.4445124609375 0.206477025 0.4789740390625 0.201862928125 0.5076952234375 0.1866366828125 0.5694356171875 0.21939641718749997 0.603897196875 0.3001413546875 0.5946661468750001 0.329209890625 0.5085124609375
61 0.0307986765625 0.36193094531250003 0.023416276562499998 0.40685410156249996 0.0594053734375 0.416700415625 0.07832281875 0.42531567968750006 0.1143123046875 0.40931567968750004 0.12769275625 0.3773156796875 0.1355366046875 0.3403925234375 0.079014796875 0.3046786078125 0.0515615265625 0.3317772578125 0.058482476562499996 0.3453156796875 0.0307986765625 0.36193094531250003
61 0.43117951718749997 0.3459309453125 0.40580218125 0.365623053125 0.39888123124999997 0.41054620937499997 0.4131845796875 0.44008463124999997 0.4427145640625 0.4499309453125 0.46889875312499996 0.43233281406249996 0.511001946875 0.3797772578125 0.48977725781250003 0.3410077875 0.456095015625 0.3379309453125 0.43117951718749997 0.3459309453125
61 0.7230155765624999 0.63053530625 0.7622348125 0.6397658359375 0.810681853125 0.613919521875 0.814373053125 0.5603811000000001 0.79591705625 0.5056121499999999 0.7096351249999999 0.48468899218750006 0.6742223515625 0.5100020765625 0.66487889375 0.564073728125 0.6768753890625 0.61453530625 0.7230155765624999 0.63053530625
61 0.8941954828125 0.48838109999999996 0.9551004671875001 0.4933042578125 0.9887827109374999 0.47299636562499997 0.9883212609375001 0.4416116296875 0.9966265578125 0.41391952187500003 0.9887827109374999 0.3757658359375 0.9532546734375 0.3326884734375 0.91588123125 0.3782274140625 0.8524384734374999 0.38849999999999996 0.84897819375 0.41699636562500003 0.8660498437499999 0.46438110000000005 0.8941954828125 0.48838109999999996
30 0.09725973593750001 0.5445841125 0.07445405000000001 0.6006464171875 0.09681230468749999 0.6072066453125 0.1598637078125 0.6006464171875 0.1831164328125 0.5028359296875 0.0961417453125 0.49725389375000006 0.07579556093749999 0.49508255468750006 0.07400662031250001 0.5123785046875 0.09725973593750001 0.5445841125
30 0.24661487499999998 0.3537346828125 0.22380879999999997 0.3406137078125 0.20413356718750003 0.328088784375 0.194742990625 0.3424029078125 0.17685591875 0.322721184375 0.17417289687499998 0.3537346828125 0.176408878125 0.36566251250000004 0.1826693921875 0.39667549375 0.200109034375 0.409200415625 0.239459890625 0.40204309374999997 0.24661487499999998 0.3537346828125
30 0.5312387078125 0.42530321875 0.5616464171875 0.4420025953125 0.6009976640625 0.443791796875 0.61262383125 0.41635721718749996 0.5960786609375 0.3769942890625 0.5461074765625 0.3511780890625 0.5437597359375 0.39011526406249997 0.5312387078125 0.40442886875 0.5312387078125 0.42530321875
30 0.6363239875 0.51357113125 0.6063637078124999 0.48792575312500003 0.570589953125 0.4873291796875 0.5562803734374999 0.52907788125 0.5589633953125 0.521848390625 0.6108352796875 0.595278815625 0.6515276484375 0.576193665625 0.6618126953125001 0.530270509375 0.6363239875 0.51357113125
17 0.7077597359375 0.9184636546875 0.8012180687500001 0.9309880578125 0.8284957171875 0.91249948125 0.8396748437499999 0.8659802703124999 0.827601246875 0.7025649015625001 0.7927219625 0.65127414375 0.6236915890625 0.6333821390625001 0.5941783484375 0.662707165625 0.5785272578125 0.8295991687500001 0.603568925 0.8862580484375 0.7077597359375 0.9184636546875
50 0.40949649531250004 0.8570342671875 0.4881985984375 0.8445093453125001 0.5092157328125 0.76816978125 0.5217363703125 0.65485254375 0.48596300625 0.6005794390625 0.4497422125 0.5838800625 0.36388512500000003 0.6254428875 0.3146962609375 0.8200565937500001 0.361202103125 0.8361599171874999 0.40949649531250004 0.8570342671875
50 0.0234375 0.66640625 0.04453125 0.0921875
50 0.309375 0.234375 0.13046875 0.12421875
50 0.69453125 0.27734375 0.1375 0.13203125